224
421.5
4
215
21
63264
7.2
543
845
531
4
21
342
15
1236
2
3475
2135
21.6
12
5
21
521
5
2
51
2.1
51.6
25
421.5
4
215
21
63264
7.2
543
845
531
4
21
342
15
1236
2
3475
2135
21.6
12
5
21
521
5
2
51
2.1
51.6
25
421.5
4
215
21
63264
7.2
543
845
531
4
21
342
15
1236
2
3475
2135
21.6
12
5
21
521
5
2
51
2.1
51.6
25
421.5
4
215
21
63264
7.2
543
845
531
4
21
342
15
1236
2
3475
2135
21.6
12
5
21
521
5
2
51
2.1
51.6
25
421.5
4
215
21
63264
7.2
543
845
531
4
21
342
15
1236
2
3475
2135
21.6
12
5
21
521
5
2
51
2.1
51.6
25
421.5
4
215
21
63264
7.2
543
845
531
4
21
342
15
1236
2
3475
2135
21.6
12
5
21
521
5
2
51
2.1
51.6
25
421.5
4
215
21
63264
7.2
543
845
531
4
21
342
15
1236
2
3475
2135
21.6
12
5
21
521
5
2
51
2.1
51.6
25
421.5
4
215
21
63264
7.2
543
845
531
4
21
342
15
1236
2
3475
2135
21.6
12
5
21
521
5
2
51
2.1
51.6
25